0 72264.3
1 72264.3
2 72264.3
3 72264.3
4 72264.3
5 72264.3
6 72264.3
7 72264.3
8 72264.3
9 72264.3
10 72264.3
11 72264.3
12 72264.3
13 72264.3
14 72264.3
15 72264.3
16 72264.3
17 72264.3
18 72264.3
19 72264.3
20 72264.3
21 72264.3
22 72264.3
23 72264.3
24 72264.3
25 72264.3
26 72264.3
27 72264.3
28 72264.3
29 72264.3
30 72264.3
31 72264.3
32 72264.3
33 72264.3
34 72264.3
35 72264.3
36 72264.3
37 72264.3
38 72264.3
39 72264.3
40 72264.3
41 72264.3
42 72264.3
43 72264.3
44 72264.3
45 72264.3
46 72264.3
47 72264.3
48 72264.3
49 72264.3
50 72264.3
51 72264.3
52 72264.3
53 72264.3
0 72264.3
1 72264.3
2 72264.3
3 72264.3
4 72264.3
5 72264.3
6 72264.3
7 72264.3
8 72264.3
9 72264.3
10 72264.3
11 72264.3
12 72264.3
13 72264.3
14 72264.3
15 72264.3
16 72264.3
17 72264.3
18 72264.3
19 72264.3
20 72264.3
21 72264.3
22 72264.3
23 72264.3
24 72264.3
25 72264.3
26 72264.3
27 72264.3
28 72264.3
29 72264.3
30 72264.3
31 72264.3
32 72264.3
33 72264.3
34 72264.3
35 72264.3
36 72264.3
37 72264.3
38 72264.3
39 72264.3
40 72264.3
41 72264.3
42 72264.3
43 72264.3
44 72264.3
45 72264.3
46 72264.3
47 72264.3
48 72264.3
49 72264.3
50 72264.3
51 72264.3
52 72264.3
53 72264.3
54 72264.3
55 72264.3
56 72264.3
57 72264.3
58 72264.3
59 72264.3
60 72264.3
61 72264.3
62 72264.3
63 72264.3
64 72264.3
65 72264.3
66 72264.3
67 72264.3
68 72264.3
69 72264.3
70 72264.3
71 72264.3
72 72264.3
73 72264.3
74 72264.3
75 72264.3
76 72264.3
77 72264.3
78 72264.3
79 72264.3
80 72264.3
81 72264.3
82 72264.3
83 72264.3
84 72264.3
85 72264.3
86 72264.3
87 72264.3
88 72264.3
89 72264.3
90 72264.3
91 72264.3
92 72264.3
93 72264.3
94 72264.3
95 72264.3
96 72264.3
97 72264.3
98 72264.3
99 72264.3
100 72264.3
101 72264.3
102 72264.3
103 72264.3
104 72264.3
105 72264.3
106 72264.3
107 72208.9
108 72208.9
109 72208.9
110 72208.9
111 72208.9
112 72208.9
113 72208.9
114 72208.9
115 72208.9
116 72208.9
117 72208.9
118 72208.9
119 72208.9
120 72208.9
121 72208.9
122 72208.9
123 72208.9
124 72208.9
125 72208.9
126 72208.9
127 72208.9
128 72208.9
129 72208.9
130 72208.9
131 72208.9
132 72208.9
133 72208.9
134 72208.9
135 72208.9
136 72208.9
137 72208.9
138 72208.9
139 72208.9
140 72208.9
141 72208.9
142 72208.9
143 72208.9
144 72208.9
145 72208.9
146 72208.9
147 72208.9
148 72208.9
149 72208.9
150 72208.9
151 72208.9
152 72208.9
153 72208.9
154 72208.9
155 72208.9
156 72208.9
157 72208.9
158 72208.9
159 72208.9
160 72206.6
161 72206.6
162 72206.6
163 72206.6
164 72206.6
165 72206.6
166 72206.6
167 72206.6
168 72206.6
169 72206.6
170 72201.2
171 72201.2
172 72201.2
173 72201.2
174 72201.2
175 72201.2
176 72201.2
177 72201.2
178 72201.2
179 72201.2
180 72201.2
181 72201.2
182 72201.2
183 72201.2
184 72201.2
185 72201.2
186 72201.2
187 72201.2
188 72201.2
189 72201.2
190 72201.2
191 72201.2
192 72201.2
193 72201.2
194 72201.2
195 72201.2
196 72201.2
197 72201.2
198 72201.2
199 72201.2
200 72201.2
201 72201.2
202 72201.2
203 72201.2
204 72201.2
205 72201.2
206 72201.2
207 72201.2
208 72201.2
209 72201.2
210 72201.2
211 72201.2
212 72201.2
213 72201.2
214 72201.2
215 72201.2
216 72201.2
217 72201.2
218 72201.2
219 72201.2
220 72201.2
221 72201.2
222 72201.2
223 72201.2
224 72201.2
225 72201.2
226 72201.2
227 72201.2
228 72201.2
229 72201.2
230 72201.2
231 72201.2
232 72201.2
233 72201.2
234 72201.2
235 72201.2
236 72201.2
237 72201.2
238 72201.2
239 72201.2
240 72201.2
241 72201.2
242 72201.2
243 72201.2
244 72201.2
245 72201.2
246 72201.2
247 72201.2
248 72201.2
249 72201.2
250 72201.2
251 72201.2
252 72201.2
253 72201.2
254 72201.2
255 72201.2
256 72201.2
257 72201.2
258 72201.2
259 72201.2
260 72201.2
261 72201.2
262 72201.2
263 72201.2
264 72201.2
265 72201.2
266 72201.2
267 72201.2
268 72201.2
269 72201.2
270 72201.2
271 72201.2
272 72201.2
273 72201.2
274 72201.2
275 72142.7
276 72142.7
277 72142.7
278 72142.7
279 72142.7
280 72142.7
281 72142.7
282 72142.7
283 72142.7
284 72142.7
285 72142.7
286 72142.7
287 72142.7
288 72142.7
289 72142.7
290 72142.7
291 72142.7
292 72142.7
293 72142.7
294 72142.7
295 72142.7
296 72142.7
297 72142.7
298 72142.7
299 72092.2
300 72092.2
301 72092.2
302 72092.2
303 72092.2
304 72092.2
305 72092.2
306 72092.2
307 72092.2
308 72092.2
309 72092.2
310 72092.2
311 72092.2
312 72092.2
313 72092.2
314 72092.2
315 72092.2
316 72092.2
317 72092.2
318 72092.2
319 72092.2
320 72092.2
321 72092.2
322 72092.2
323 72092.2
324 72092.2
325 72092.2
326 72092.2
327 72092.2
328 72092.2
329 72092.2
330 72092.2
331 72092.2
332 72092.2
333 72092.2
334 72092.2
335 72092.2
336 72092.2
337 72092.2
338 72092.2
339 72092.2
340 72092.2
341 72092.2
342 72092.2
343 72092.2
344 72092.2
345 72092.2
346 72092.2
347 72092.2
348 72092.2
349 72092.2
350 72092.2
351 72092.2
352 72092.2
353 72092.2
354 72092.2
355 72092.2
356 72092.2
357 72092.2
358 72092.2
359 72092.2
360 72092.2
361 72092.2
362 71907.4
363 71907.4
364 71907.4
365 71907.4
366 71907.4
367 71907.4
368 71907.4
369 71907.4
370 71907.4
371 71907.4
372 71907.4
373 71907.4
374 71907.4
375 71907.4
376 71907.4
377 71907.4
378 71907.4
379 71907.4
380 71907.4
381 71907.4
382 71907.4
383 71907.4
384 71907.4
385 71907.4
386 71907.4
387 71907.4
388 71907.4
389 71907.4
390 71907.4
391 71907.4
392 71907.4
393 71907.4
394 71907.4
395 71907.4
396 71907.4
397 71907.4
398 71907.4
399 71907.4
400 71907.4
401 71907.4
402 71907.4
403 71907.4
404 71907.4
405 71907.4
406 71907.4
407 71907.4
408 71907.4
409 71907.4
410 71907.4
411 71907.4
412 71907.4
413 71907.4
414 71907.4
415 71907.4
416 71907.4
417 71907.4
418 71907.4
419 71907.4
420 71907.4
421 71907.4
422 71907.4
423 71907.4
424 71907.4
425 71907.4
426 71907.4
427 71907.4
428 71907.4
429 71907.4
430 71907.4
431 71907.4
432 71907.4
433 71907.4
434 71907.4
435 71907.4
436 71907.4
437 71907.4
438 71907.4
439 71907.4
440 71907.4
441 71907.4
442 71907.4
443 71907.4
444 71907.4
445 71907.4
446 71907.4
447 71907.4
448 71907.4
449 71907.4
450 71907.4
451 71907.4
452 71907.4
453 71907.4
454 71907.4
455 71907.4
456 71907.4
457 71907.4
458 71907.4
459 71907.4
460 71907.4
461 71907.4
462 71907.4
463 71907.4
464 71907.4
465 71907.4
466 71907.4
467 71907.4
468 71907.4
469 71907.4
470 71895.1
471 71895.1
472 71895.1
473 71895.1
474 71895.1
475 71895.1
476 71895.1
477 71895.1
478 71895.1
479 71895.1
480 71895.1
481 71895.1
482 71895.1
483 71895.1
484 71895.1
485 71895.1
486 71895.1
487 71895.1
488 71895.1
489 71895.1
490 71895.1
491 71895.1
492 71895.1
493 71895.1
494 71895.1
495 71895.1
496 71895.1
497 71895.1
498 71895.1
499 71895.1
500 71895.1
501 71895.1
502 71895.1
503 71895.1
504 71895.1
505 71895.1
506 71895.1
507 71895.1
508 71895.1
509 71895.1
510 71895.1
511 71895.1
512 71895.1
513 71895.1
514 71895.1
515 71895.1
516 71895.1
517 71895.1
518 71892.2
519 71892.2
520 71892.2
521 71892.2
522 71892.2
523 71862.9
524 71862.9
525 71862.9
526 71862.9
527 71862.9
528 71862.9
529 71862.9
530 71842.3
531 71842.3
532 71842.3
533 71842.3
534 71842.3
535 71842.3
536 71842.3
537 71842.3
538 71842.3
539 71842.3
540 71842.3
541 71842.3
542 71842.3
543 71842.3
544 71842.3
545 71842.3
546 71842.3
547 71842.3
548 71842.3
549 71842.3
550 71842.3
551 71842.3
552 71842.3
553 71842.3
554 71842.3
555 71842.3
556 71842.3
557 71842.3
558 71842.3
559 71842.3
560 71842.3
561 71842.3
562 71842.3
563 71842.3
564 71842.3
565 71842.3
566 71842.3
567 71842.3
568 71842.3
569 71799.1
570 71799.1
571 71799.1
572 71799.1
573 71799.1
574 71799.1
575 71799.1
576 71799.1
577 71799.1
578 71799.1
579 71799.1
580 71799.1
581 71799.1
582 71799.1
583 71799.1
584 71799.1
585 71799.1
586 71799.1
587 71799.1
588 71799.1
589 71799.1
590 71799.1
591 71799.1
592 71799.1
593 71799.1
594 71799.1
595 71799.1
596 71799.1
597 71799.1
598 71799.1
599 71799.1
600 71799.1
601 71799.1
602 71799.1
603 71799.1
604 71799.1
605 71799.1
606 71799.1
607 71799.1
608 71799.1
609 71799.1
610 71799.1
611 71799.1
612 71799.1
613 71799.1
614 71799.1
615 71799.1
616 71799.1
617 71799.1
618 71799.1
619 71799.1
620 71799.1
621 71799.1
622 71799.1
623 71799.1
624 71799.1
625 71799.1
626 71799.1
627 71799.1
628 71799.1
629 71799.1
630 71799.1
631 71799.1
632 71799.1
633 71799.1
634 71799.1
635 71799.1
636 71799.1
637 71799.1
638 71799.1
639 71799.1
640 71799.1
641 71799.1
642 71799.1
643 71799.1
644 71799.1
645 71799.1
646 71799.1
647 71799.1
648 71799.1
649 71799.1
650 71799.1
651 71799.1
652 71799.1
653 71799.1
654 71799.1
655 71799.1
656 71799.1
657 71799.1
658 71799.1
659 71799.1
660 71799.1
661 71799.1
662 71799.1
663 71799.1
664 71799.1
665 71799.1
666 71799.1
667 71799.1
668 71799.1
669 71799.1
670 71799.1
671 71799.1
672 71799.1
673 71799.1
674 71799.1
675 71799.1
676 71799.1
677 71799.1
678 71799.1
679 71799.1
680 71799.1
681 71799.1
682 71799.1
683 71799.1
684 71799.1
685 71799.1
686 71799.1
687 71799.1
688 71799.1
689 71799.1
690 71799.1
691 71799.1
692 71799.1
693 71799.1
694 71799.1
695 71799.1
696 71799.1
697 71799.1
698 71799.1
699 71799.1
700 71799.1
701 71799.1
702 71799.1
703 71799.1
704 71799.1
705 71799.1
706 71799.1
707 71799.1
708 71799.1
709 71799.1
710 71799.1
711 71799.1
712 71799.1
713 71799.1
714 71799.1
715 71799.1
716 71799.1
717 71799.1
718 71799.1
719 71799.1
720 71799.1
721 71799.1
722 71799.1
723 71799.1
724 71799.1
725 71799.1
726 71799.1
727 71799.1
728 71769.1
729 71679.2
730 71679.2
731 71679.2
732 71679.2
733 71679.2
734 71679.2
735 71679.2
736 71679.2
737 71679.2
738 71679.2
739 71679.2
740 71679.2
741 71679.2
742 71679.2
743 71679.2
744 71679.2
745 71679.2
746 71679.2
747 71679.2
748 71679.2
749 71679.2
750 71679.2
751 71679.2
752 71679.2
753 71679.2
754 71679.2
755 71679.2
756 71679.2
757 71679.2
758 71679.2
759 71679.2
760 71679.2
761 71679.2
762 71679.2
763 71679.2
764 71679.2
765 71679.2
766 71679.2
767 71679.2
768 71679.2
769 71679.2
770 71679.2
771 71679.2
772 71679.2
773 71679.2
774 71679.2
775 71679.2
776 71679.2
777 71679.2
778 71679.2
779 71679.2
780 71679.2
781 71679.2
782 71679.2
783 71679.2
784 71679.2
785 71679.2
786 71679.2
787 71679.2
788 71679.2
789 71679.2
790 71679.2
791 71679.2
792 71679.2
793 71349
794 71349
795 71349
796 71349
797 71349
798 71349
799 71349
800 71349
801 71349
802 71349
803 71349
804 71349
805 71349
806 71349
807 71349
808 71349
809 71349
810 71349
811 71349
812 71349
813 71349
814 71349
815 71349
816 71349
817 71349
818 71349
819 71349
820 71349
821 71349
822 71349
823 71349
824 71349
825 71349
826 71349
827 71349
828 71349
829 71349
830 71349
831 71349
832 71349
833 71349
834 71349
835 71349
836 71349
837 71349
838 71349
839 71349
840 71349
841 71349
842 71349
843 71349
844 71349
845 71349
846 71349
847 71349
848 71349
849 71349
850 71349
851 71349
852 71349
853 71349
854 71349
855 71349
856 71349
857 71349
858 71349
859 71349
860 71349
861 71349
862 71349
863 71349
864 71349
865 71349
866 71349
867 71349
868 71349
869 71349
870 71349
871 71349
872 71349
873 71349
874 71349
875 71349
876 71349
877 71349
878 71349
879 71349
880 71349
881 71349
882 71349
883 71349
884 71349
885 71349
886 71349
887 71349
888 71349
889 71349
890 71349
891 71349
892 71349
893 71349
894 71349
895 71349
896 71349
897 71349
898 71349
899 71349
900 71349
901 71349
902 71349
903 71349
904 71349
905 71349
906 71349
907 71349
908 71349
909 71349
910 71349
911 71349
912 71349
913 71349
914 71349
915 71349
916 71349
917 71349
918 71349
919 71349
920 71349
921 71349
922 71349
923 71349
924 71349
925 71349
926 71349
927 71349
928 71349
929 71349
930 71349
931 71349
932 71349
933 71349
934 71349
935 71349
936 71349
937 71349
938 71349
939 71349
940 71349
941 71349
942 71349
943 71349
944 71349
945 71349
946 71349
947 71349
948 71349
949 71349
950 71349
951 71349
952 71349
953 71349
954 71349
955 71349
956 71349
957 71349
958 71349
959 71349
960 71349
961 71349
962 71349
963 71349
964 71349
965 71349
966 71349
967 71349
968 71349
969 71349
970 71349
971 71349
972 71349
973 71349
974 71349
975 71349
976 71349
977 71349
978 71349
979 71349
980 71349
981 71349
982 71349
983 71349
984 71349
985 71349
986 71349
987 71349
988 71349
989 71349
990 71349
991 71349
992 71349
993 71349
994 71349
995 71349
996 71349
997 71349
998 71349
999 71349
1000 71349
1001 71349
1002 71349
1003 71349
1004 71349
1005 71349
1006 71349
1007 71349
1008 71349
1009 71349
1010 71349
1011 71349
1012 71349
1013 71349
1014 71349
1015 71273.5
1016 71273.5
1017 71273.5
1018 71273.5
1019 71273.5
1020 71273.5
1021 71273.5
1022 71273.5
1023 71273.5
1024 71273.5
1025 71273.5
1026 71273.5
1027 71273.5
1028 71273.5
1029 71273.5
1030 71273.5
1031 71273.5
1032 71273.5
1033 71273.5
1034 71273.5
1035 71273.5
1036 71273.5
1037 71273.5
1038 71273.5
1039 71273.5
1040 71273.5
1041 71273.5
1042 71273.5
1043 71273.5
1044 71273.5
1045 71273.5
1046 71273.5
1047 71273.5
1048 71273.5
1049 71273.5
1050 71273.5
1051 71273.5
1052 71273.5
1053 71273.5
1054 71273.5
1055 71273.5
1056 71273.5
1057 71273.5
1058 71273.5
1059 71273.5
1060 71273.5
1061 71273.5
1062 71273.5
1063 71273.5
1064 71273.5
1065 71273.5
1066 71273.5
1067 71273.5
1068 71273.5
1069 71273.5
1070 71273.5
1071 71273.5
1072 71273.5
1073 71273.5
1074 71273.5
1075 71273.5
1076 71273.5
1077 71273.5
1078 71273.5
1079 71273.5
1080 71273.5
1081 71273.5
1082 71273.5
1083 71273.5
1084 71273.5
1085 71273.5
1086 71273.5
1087 71273.5
1088 71273.5
1089 71273.5
1090 71273.5
1091 71273.5
1092 71273.5
1093 71273.5
1094 71273.5
1095 71273.5
1096 71273.5
1097 71273.5
1098 71273.5
1099 71273.5
1100 71273.5
1101 71273.5
1102 71273.5
1103 71273.5
1104 71273.5
1105 71273.5
1106 71273.5
1107 71273.5
1108 71273.5
1109 71273.5
1110 71273.5
1111 71273.5
1112 71273.5
1113 71273.5
1114 71273.5
1115 71273.5
1116 71273.5
1117 71273.5
1118 71273.5
1119 71273.5
1120 71273.5
1121 71273.5
1122 71273.5
1123 71273.5
1124 71273.5
1125 71273.5
1126 71273.5
1127 71273.5
1128 71273.5
1129 71273.5
1130 71273.5
1131 71273.5
1132 71273.5
1133 71273.5
1134 71273.5
1135 71273.5
1136 71273.5
1137 71273.5
1138 71273.5
1139 71273.5
1140 71273.5
1141 71273.5
1142 71273.5
1143 71273.5
1144 71273.5
1145 71273.5
1146 71273.5
1147 71273.5
1148 71273.5
1149 71273.5
1150 71273.5
1151 71273.5
1152 71273.5
1153 71273.5
1154 71273.5
1155 71273.5
1156 71273.5
1157 71273.5
1158 71273.5
1159 71273.5
1160 71273.5
1161 71273.5
1162 71273.5
1163 71273.5
1164 71273.5
1165 71273.5
1166 71273.5
1167 71273.5
1168 71273.5
1169 71273.5
1170 71273.5
1171 71273.5
1172 71273.5
1173 71273.5
1174 71273.5
1175 71273.5
1176 71273.5
1177 71273.5
1178 71273.5
1179 71273.5
1180 71273.5
1181 71273.5
1182 71273.5
1183 71273.5
1184 71273.5
1185 71273.5
1186 71273.5
1187 71273.5
1188 71273.5
1189 71273.5
1190 71273.5
1191 71273.5
1192 71273.5
1193 71273.5
1194 71273.5
1195 71273.5
1196 71273.5
1197 71273.5
1198 71273.5
1199 71273.5
1200 71273.5
1201 71273.5
1202 71273.5
1203 71273.5
1204 71273.5
1205 71273.5
1206 71273.5
1207 71273.5
1208 71273.5
1209 71273.5
1210 71273.5
1211 71273.5
1212 71273.5
1213 71273.5
1214 71273.5
1215 71273.5
1216 71273.5
1217 71273.5
1218 71273.5
1219 71273.5
1220 71273.5
1221 71273.5
1222 71273.5
1223 71273.5
1224 71273.5
1225 71273.5
1226 71273.5
1227 71273.5
1228 71273.5
1229 71273.5
1230 71273.5
1231 71273.5
1232 71273.5
1233 71273.5
1234 71273.5
1235 71273.5
1236 71273.5
1237 71273.5
1238 71273.5
1239 71273.5
1240 71273.5
1241 71273.5
1242 71273.5
1243 71273.5
1244 71273.5
1245 71273.5
1246 71273.5
1247 71273.5
1248 71273.5
1249 71273.5
1250 71273.5
1251 71273.5
1252 71273.5
1253 71273.5
1254 71273.5
1255 71273.5
1256 71273.5
1257 71273.5
1258 71273.5
1259 71273.5
1260 71273.5
1261 71273.5
1262 71273.5
1263 71273.5
1264 71273.5
1265 71273.5
1266 71273.5
1267 71273.5
1268 71273.5
1269 71273.5
1270 71273.5
1271 71273.5
1272 71273.5
1273 71273.5
1274 71273.5
1275 71273.5
1276 71273.5
1277 71273.5
1278 71273.5
1279 71273.5
1280 71273.5
1281 71273.5
1282 71273.5
1283 71273.5
1284 71273.5
1285 71273.5
1286 71273.5
1287 71273.5
1288 71273.5
1289 71273.5
1290 71273.5
1291 71273.5
1292 71273.5
1293 71273.5
1294 71273.5
1295 71273.5
1296 71273.5
1297 71273.5
1298 71273.5
1299 71273.5
1300 71273.5
1301 71273.5
1302 71273.5
1303 71273.5
1304 71273.5
1305 71273.5
1306 71273.5
1307 71273.5
1308 71273.5
1309 71273.5
1310 71273.5
1311 71273.5
1312 71273.5
1313 71273.5
1314 71273.5
1315 71273.5
1316 71273.5
1317 71273.5
1318 71273.5
1319 71273.5
1320 71273.5
1321 71273.5
1322 71273.5
1323 71273.5
1324 71273.5
1325 71273.5
1326 71273.5
1327 71273.5
1328 71273.5
1329 71273.5
1330 71273.5
1331 71273.5
1332 71273.5
1333 71273.5
1334 71273.5
1335 71273.5
1336 71273.5
1337 71273.5
1338 71273.5
1339 71273.5
1340 71273.5
1341 71273.5
1342 71273.5
1343 71273.5
1344 71273.5
1345 71273.5
1346 71273.5
1347 71273.5
1348 71273.5
1349 71273.5
1350 71273.5
1351 71273.5
1352 71273.5
1353 71273.5
1354 71273.5
1355 71273.5
1356 71273.5
1357 71273.5
1358 71273.5
1359 71273.5
1360 71273.5
1361 71273.5
1362 71273.5
1363 71273.5
1364 71273.5
1365 71273.5
1366 71273.5
1367 71273.5
1368 71273.5
1369 71273.5
1370 71273.5
1371 71273.5
1372 71273.5
1373 71273.5
1374 71273.5
1375 71273.5
1376 71273.5
1377 71273.5
1378 71273.5
1379 71273.5
1380 71273.5
1381 71273.5
1382 71273.5
1383 71273.5
1384 71273.5
1385 71273.5
1386 71273.5
1387 71273.5
1388 71273.5
1389 71273.5
1390 71273.5
1391 71273.5
1392 71273.5
1393 71273.5
1394 71273.5
1395 71273.5
1396 71273.5
1397 71273.5
1398 71273.5
1399 71273.5
1400 71273.5
1401 71273.5
1402 71273.5
1403 71273.5
1404 71273.5
1405 71273.5
1406 71273.5
1407 71273.5
1408 71273.5
1409 71273.5
1410 71273.5
1411 71273.5
1412 71273.5
1413 71273.5
1414 71273.5
1415 71273.5
1416 71273.5
1417 71273.5
1418 71273.5
1419 71273.5
1420 71273.5
1421 71273.5
1422 71273.5
1423 71273.5
1424 71273.5
1425 71273.5
1426 71273.5
1427 71273.5
1428 71273.5
1429 71273.5
1430 71273.5
1431 71273.5
1432 71273.5
1433 71273.5
1434 71273.5
1435 71273.5
1436 71273.5
1437 71273.5
1438 71273.5
1439 71273.5
1440 71273.5
1441 71273.5
1442 71273.5
1443 71273.5
1444 71273.5
1445 71273.5
1446 71273.5
1447 71273.5
1448 71273.5
1449 71273.5
1450 71273.5
1451 71273.5
1452 71273.5
1453 71273.5
1454 71273.5
1455 71273.5
1456 71273.5
1457 71252.5
1458 71252.5
1459 71252.5
1460 71252.5
1461 71252.5
1462 71252.5
1463 71252.5
1464 71252.5
1465 71252.5
1466 71252.5
1467 71252.5
1468 71252.5
1469 71252.5
1470 71252.5
1471 71252.5
1472 71252.5
1473 71252.5
1474 71252.5
1475 71252.5
1476 71252.5
1477 71252.5
1478 71252.5
1479 71252.5
1480 71252.5
1481 71252.5
1482 71252.5
1483 71252.5
1484 71252.5
1485 71252.5
1486 71252.5
1487 71252.5
1488 71252.5
1489 71252.5
1490 71252.5
1491 71252.5
1492 71252.5
1493 71252.5
1494 71252.5
1495 71252.5
1496 71252.5
1497 71252.5
1498 71252.5
1499 71252.5
1500 71252.5
1501 71252.5
1502 71252.5
1503 71252.5
1504 71252.5
1505 71252.5
1506 71252.5
1507 71252.5
1508 71252.5
1509 71252.5
1510 71252.5
1511 71252.5
1512 71252.5
1513 71252.5
1514 71252.5
1515 71252.5
1516 71252.5
1517 71252.5
1518 71252.5
1519 71252.5
1520 71252.5
1521 71252.5
1522 71252.5
1523 71252.5
1524 71252.5
1525 71252.5
1526 71252.5
1527 71252.5
1528 71252.5
1529 71252.5
1530 71252.5
1531 71252.5
1532 71252.5
1533 71252.5
1534 71252.5
1535 71252.5
1536 71252.5
1537 71252.5
1538 71252.5
1539 71252.5
1540 71252.5
1541 71252.5
1542 71252.5
1543 71252.5
1544 71252.5
1545 71252.5
1546 71252.5
1547 71252.5
1548 71252.5
1549 71252.5
1550 71252.5
1551 70999.8
1552 70999.8
1553 70999.8
1554 70999.8
1555 70999.8
1556 70999.8
1557 70999.8
1558 70999.8
1559 70999.8
1560 70999.8
1561 70999.8
1562 70999.8
1563 70999.8
1564 70999.8
1565 70999.8
1566 70999.8
1567 70999.8
1568 70999.8
1569 70999.8
1570 70999.8
1571 70999.8
1572 70999.8
1573 70999.8
1574 70999.8
1575 70999.8
1576 70999.8
1577 70999.8
1578 70999.8
1579 70999.8
1580 70999.8
1581 70999.8
1582 70999.8
1583 70999.8
1584 70999.8
1585 70999.8
1586 70999.8
1587 70999.8
1588 70999.8
1589 70999.8
1590 70999.8
1591 70999.8
1592 70999.8
1593 70999.8
1594 70999.8
1595 70999.8
1596 70999.8
1597 70999.8
1598 70999.8
1599 70999.8
1600 70999.8
1601 70999.8
1602 70999.8
1603 70999.8
1604 70999.8
1605 70999.8
1606 70999.8
1607 70999.8
1608 70999.8
1609 70999.8
1610 70999.8
1611 70999.8
1612 70999.8
1613 70999.8
1614 70999.8
1615 70999.8
1616 70999.8
1617 70999.8
1618 70999.8
1619 70999.8
1620 70999.8
1621 70999.8
1622 70999.8
1623 70999.8
1624 70999.8
1625 70999.8
1626 70999.8
1627 70999.8
1628 70999.8
1629 70999.8
1630 70999.8
1631 70999.8
1632 70999.8
1633 70999.8
1634 70999.8
1635 70999.8
1636 70999.8
1637 70999.8
1638 70999.8
1639 70999.8
1640 70999.8
1641 70999.8
1642 70999.8
1643 70999.8
1644 70999.8
1645 70999.8
1646 70999.8
1647 70999.8
1648 70999.8
1649 70999.8
1650 70999.8
1651 70999.8
1652 70999.8
1653 70999.8
1654 70999.8
1655 70999.8
1656 70999.8
1657 70999.8
1658 70999.8
1659 70999.8
1660 70999.8
1661 70999.8
1662 70999.8
1663 70999.8
1664 70999.8
1665 70999.8
1666 70999.8
1667 70999.8
1668 70999.8
1669 70999.8
1670 70999.8
1671 70999.8
1672 70999.8
1673 70999.8
1674 70999.8
1675 70999.8
1676 70999.8
1677 70999.8
1678 70999.8
1679 70999.8
1680 70999.8
1681 70999.8
1682 70999.8
1683 70999.8
1684 70999.8
1685 70999.8
1686 70999.8
1687 70999.8
1688 70999.8
1689 70999.8
1690 70999.8
1691 70999.8
1692 70999.8
1693 70999.8
1694 70999.8
1695 70999.8
1696 70999.8
1697 70999.8
1698 70999.8
1699 70999.8
1700 70999.8
1701 70999.8
1702 70999.8
1703 70999.8
1704 70999.8
1705 70999.8
1706 70999.8
1707 70999.8
1708 70999.8
1709 70999.8
1710 70999.8
1711 70999.8
1712 70999.8
1713 70999.8
1714 70999.8
1715 70999.8
1716 70999.8
1717 70999.8
1718 70999.8
1719 70999.8
1720 70999.8
1721 70999.8
1722 70999.8
1723 70999.8
1724 70999.8
1725 70999.8
1726 70999.8
1727 70999.8
1728 70999.8
1729 70999.8
1730 70999.8
1731 70999.8
1732 70999.8
1733 70999.8
1734 70999.8
1735 70999.8
1736 70999.8
1737 70999.8
1738 70999.8
1739 70999.8
1740 70999.8
1741 70999.8
1742 70999.8
1743 70999.8
1744 70999.8
1745 70999.8
1746 70999.8
1747 70999.8
1748 70999.8
1749 70999.8
1750 70999.8
1751 70999.8
1752 70999.8
1753 70999.8
1754 70999.8
1755 70999.8
1756 70999.8
1757 70999.8
1758 70999.8
1759 70999.8
1760 70999.8
1761 70999.8
1762 70999.8
1763 70999.8
1764 70999.8
1765 70999.8
1766 70999.8
1767 70999.8
1768 70999.8
1769 70999.8
1770 70999.8
1771 70999.8
1772 70999.8
1773 70999.8
1774 70999.8
1775 70999.8
1776 70999.8
1777 70999.8
1778 70999.8
1779 70999.8
1780 70999.8
1781 70999.8
1782 70999.8
1783 70999.8
1784 70999.8
1785 70999.8
1786 70999.8
1787 70999.8
1788 70999.8
1789 70999.8
1790 70999.8
1791 70999.8
1792 70999.8
1793 70999.8
1794 70999.8
1795 70999.8
1796 70999.8
1797 70999.8
1798 70999.8
1799 70999.8
1800 70999.8
1801 70999.8
1802 70999.8
1803 70999.8
1804 70999.8
1805 70999.8
1806 70999.8
1807 70999.8
1808 70999.8
1809 70999.8
1810 70999.8
1811 70999.8
1812 70999.8
1813 70999.8
1814 70999.8
1815 70999.8
1816 70999.8
1817 70999.8
1818 70999.8
1819 70999.8
1820 70999.8
1821 70999.8
1822 70999.8
1823 70999.8
1824 70999.8
1825 70999.8
1826 70999.8
1827 70999.8
1828 70999.8
1829 70999.8
1830 70999.8
1831 70999.8
1832 70999.8
1833 70999.8
1834 70999.8
1835 70999.8
1836 70999.8
1837 70999.8
1838 70999.8
1839 70999.8
1840 70999.8
1841 70999.8
1842 70999.8
1843 70999.8
1844 70999.8
1845 70999.8
1846 70999.8
1847 70999.8
1848 70999.8
1849 70999.8
1850 70999.8
1851 70999.8
1852 70999.8
1853 70999.8
1854 70999.8
1855 70999.8
1856 70999.8
1857 70999.8
1858 70999.8
1859 70999.8
1860 70999.8
1861 70999.8
1862 70999.8
1863 70999.8
1864 70999.8
1865 70999.8
1866 70999.8
1867 70999.8
1868 70999.8
1869 70999.8
1870 70999.8
1871 70999.8
1872 70999.8
1873 70999.8
1874 70999.8
1875 70999.8
1876 70999.8
1877 70999.8
1878 70999.8
1879 70999.8
1880 70999.8
1881 70999.8
1882 70999.8
1883 70999.8
1884 70999.8
1885 70999.8
1886 70999.8
1887 70999.8
1888 70999.8
1889 70999.8
1890 70999.8
1891 70999.8
1892 70999.8
1893 70999.8
1894 70999.8
1895 70999.8
1896 70999.8
1897 70999.8
1898 70999.8
1899 70999.8
1900 70999.8
1901 70999.8
1902 70999.8
1903 70999.8
1904 70999.8
1905 70999.8
1906 70999.8
1907 70999.8
1908 70999.8
1909 70999.8
1910 70999.8
1911 70999.8
1912 70999.8
1913 70999.8
1914 70999.8
1915 70999.8
1916 70999.8
1917 70999.8
1918 70999.8
1919 70999.8
1920 70999.8
1921 70999.8
1922 70999.8
1923 70999.8
1924 70999.8
1925 70999.8
1926 70999.8
1927 70999.8
1928 70999.8
1929 70999.8
1930 70999.8
1931 70999.8
1932 70999.8
1933 70999.8
1934 70999.8
1935 70999.8
1936 70999.8
1937 70999.8
1938 70999.8
1939 70999.8
1940 70999.8
1941 70999.8
1942 70999.8
1943 70999.8
1944 70999.8
1945 70999.8
1946 70999.8
1947 70999.8
1948 70999.8
1949 70999.8
1950 70999.8
1951 70999.8
1952 70999.8
1953 70999.8
1954 70999.8
1955 70999.8
1956 70999.8
1957 70999.8
1958 70999.8
1959 70999.8
1960 70999.8
1961 70999.8
1962 70999.8
1963 70999.8
1964 70999.8
1965 70999.8
1966 70999.8
1967 70999.8
1968 70999.8
1969 70999.8
1970 70999.8
1971 70999.8
1972 70999.8
1973 70999.8
1974 70999.8
1975 70999.8
1976 70999.8
1977 70999.8
1978 70999.8
1979 70999.8
1980 70999.8
1981 70999.8
1982 70999.8
1983 70999.8
1984 70999.8
1985 70999.8
1986 70999.8
1987 70999.8
1988 70999.8
1989 70999.8
1990 70999.8
1991 70999.8
1992 70999.8
1993 70999.8
1994 70999.8
1995 70999.8
1996 70999.8
1997 70999.8
1998 70999.8
1999 70999.8
2000 70999.8
2001 70999.8
2002 70999.8
2003 70999.8
2004 70999.8
2005 70999.8
2006 70999.8
2007 70999.8
2008 70999.8
2009 70999.8
2010 70999.8
2011 70999.8
2012 70999.8
2013 70999.8
2014 70999.8
2015 70999.8
2016 70999.8
2017 70999.8
2018 70999.8
2019 70999.8
2020 70999.8
2021 70999.8
2022 70999.8
2023 70999.8
2024 70999.8
2025 70999.8
2026 70999.8
2027 70999.8
2028 70999.8
2029 70999.8
2030 70999.8
2031 70999.8
2032 70999.8
2033 70999.8
2034 70999.8
2035 70999.8
2036 70999.8
2037 70999.8
2038 70999.8
2039 70999.8
2040 70999.8
2041 70999.8
2042 70999.8
2043 70999.8
2044 70999.8
2045 70999.8
2046 70999.8
2047 70999.8
2048 70999.8
2049 70999.8
2050 70999.8
2051 70999.8
2052 70999.8
2053 70999.8
2054 70999.8
2055 70999.8
2056 70999.8
2057 70999.8
2058 70999.8
2059 70999.8
2060 70999.8
2061 70999.8
2062 70999.8
2063 70999.8
2064 70999.8
2065 70999.8
2066 70999.8
2067 70999.8
2068 70999.8
2069 70999.8
2070 70999.8
2071 70999.8
2072 70999.8
2073 70999.8
2074 70999.8
2075 70999.8
2076 70999.8
2077 70999.8
2078 70999.8
2079 70999.8
2080 70999.8
2081 70999.8
2082 70999.8
2083 70999.8
2084 70999.8
2085 70999.8
2086 70999.8
2087 70999.8
2088 70999.8
2089 70999.8
2090 70999.8
2091 70999.8
2092 70999.8
2093 70999.8
2094 70999.8
2095 70999.8
2096 70999.8
2097 70999.8
2098 70999.8
2099 70999.8
2100 70999.8
2101 70999.8
2102 70999.8
2103 70999.8
2104 70999.8
2105 70999.8
2106 70999.8
2107 70999.8
2108 70999.8
2109 70999.8
2110 70999.8
2111 70999.8
2112 70999.8
2113 70999.8
2114 70999.8
2115 70999.8
2116 70999.8
2117 70999.8
2118 70999.8
2119 70999.8
2120 70999.8
2121 70999.8
2122 70999.8
2123 70999.8
2124 70999.8
2125 70999.8
2126 70999.8
2127 70999.8
2128 70999.8
2129 70999.8
2130 70999.8
2131 70999.8
2132 70999.8
2133 70999.8
2134 70999.8
2135 70999.8
2136 70999.8
2137 70999.8
2138 70999.8
2139 70999.8
2140 70999.8
2141 70999.8
2142 70999.8
2143 70999.8
2144 70999.8
2145 70999.8
2146 70999.8
2147 70999.8
2148 70999.8
2149 70999.8
2150 70999.8
2151 70999.8
2152 70999.8
2153 70999.8
2154 70999.8
2155 70999.8
2156 70999.8
2157 70999.8
2158 70999.8
2159 70999.8
2160 70999.8
2161 70999.8
2162 70999.8
2163 70999.8
2164 70999.8
2165 70999.8
2166 70999.8
2167 70999.8
2168 70999.8
2169 70999.8
2170 70999.8
2171 70999.8
2172 70999.8
2173 70999.8
2174 70999.8
2175 70999.8
2176 70999.8
2177 70999.8
2178 70999.8
2179 70999.8
2180 70999.8
2181 70999.8
2182 70999.8
2183 70999.8
2184 70999.8
2185 70999.8
2186 70999.8
2187 70999.8
2188 70999.8
2189 70999.8
2190 70999.8
2191 70999.8
2192 70999.8
2193 70999.8
2194 70999.8
2195 70999.8
2196 70999.8
2197 70999.8
2198 70999.8
2199 70999.8
2200 70999.8
2201 70999.8
2202 70999.8
2203 70999.8
2204 70999.8
2205 70999.8
2206 70999.8
2207 70999.8
2208 70999.8
2209 70999.8
2210 70999.8
2211 70999.8
2212 70999.8
2213 70999.8
2214 70999.8
2215 70999.8
2216 70999.8
2217 70999.8
2218 70999.8
2219 70999.8
2220 70999.8
2221 70999.8
2222 70999.8
2223 70999.8
2224 70999.8
2225 70999.8
2226 70762.5
2227 70762.5
2228 70762.5
2229 70762.5
2230 70762.5
2231 70762.5
2232 70762.5
2233 70762.5
2234 70762.5
2235 70762.5
2236 70762.5
2237 70762.5
2238 70762.5
2239 70762.5
0 72264.3
1 72264.3
2 72264.3
3 72264.3
4 72264.3
5 72264.3
6 72264.3
7 72264.3
8 72264.3
9 72264.3
10 72264.3
11 72264.3
12 72264.3
13 72264.3
14 72264.3
15 72264.3
16 72264.3
17 72264.3
18 72264.3
19 72264.3
20 72264.3
21 72264.3
22 72264.3
23 72264.3
24 72264.3
25 72264.3
26 72264.3
27 72264.3
28 72264.3
29 72264.3
30 72264.3
31 72264.3
32 72264.3
33 72264.3
34 72264.3
35 72264.3
36 72264.3
37 72264.3
38 72264.3
39 72264.3
40 72264.3
41 72264.3
42 72264.3
43 72264.3
44 72264.3
45 72264.3
46 72264.3
47 72264.3
48 72264.3
49 72264.3
50 72264.3
51 72264.3
52 72264.3
53 72264.3
54 72264.3
55 72264.3
56 72264.3
57 72264.3
58 72264.3
59 72264.3
60 72264.3
61 72264.3
62 72264.3
63 72264.3
64 72264.3
65 72264.3
66 72264.3
67 72264.3
68 72264.3
69 72264.3
70 72264.3
71 72264.3
72 72264.3
73 72264.3
74 72264.3
75 72264.3
76 72264.3
77 72264.3
78 72264.3
79 72264.3
80 72264.3
81 72264.3
82 72264.3
83 72264.3
84 72264.3
85 72264.3
86 72264.3
87 72264.3
88 72264.3
89 72264.3
90 72264.3
91 72264.3
92 72264.3
93 72264.3
94 72264.3
95 72264.3
96 72264.3
97 72264.3
98 72264.3
99 72264.3
100 72264.3
101 72264.3
102 72264.3
103 72264.3
104 72264.3
105 72264.3
106 72264.3
107 72208.9
108 72208.9
109 72208.9
110 72208.9
111 72208.9
112 72208.9
113 72208.9
114 72208.9
115 72208.9
116 72208.9
117 72208.9
118 72208.9
119 72208.9
120 72208.9
121 72208.9
122 72208.9
123 72208.9
124 72208.9
125 72208.9
126 72208.9
127 72208.9
128 72208.9
129 72208.9
130 72208.9
131 72208.9
132 72208.9
133 72208.9
134 72208.9
135 72208.9
136 72208.9
137 72208.9
138 72208.9
139 72208.9
140 72208.9
141 72208.9
142 72208.9
143 72208.9
144 72208.9
145 72208.9
146 72208.9
147 72208.9
148 72208.9
149 72208.9
150 72208.9
151 72208.9
152 72208.9
153 72208.9
154 72208.9
155 72208.9
156 72208.9
157 72208.9
158 72208.9
159 72208.9
160 72206.6
161 72206.6
162 72206.6
163 72206.6
164 72206.6
165 72206.6
166 72206.6
167 72206.6
168 72206.6
169 72206.6
170 72201.2
171 72201.2
172 72201.2
173 72201.2
174 72201.2
175 72201.2
176 72201.2
177 72201.2
178 72201.2
179 72201.2
180 72201.2
181 72201.2
182 72201.2
183 72201.2
184 72201.2
185 72201.2
186 72201.2
187 72201.2
188 72201.2
189 72201.2
190 72201.2
191 72201.2
192 72201.2
193 72201.2
194 72201.2
195 72201.2
196 72201.2
197 72201.2
198 72201.2
199 72201.2
200 72201.2
201 72201.2
202 72201.2
203 72201.2
204 72201.2
205 72201.2
206 72201.2
207 72201.2
208 72201.2
209 72201.2
210 72201.2
211 72201.2
212 72201.2
213 72201.2
214 72201.2
215 72201.2
216 72201.2
217 72201.2
218 72201.2
219 72201.2
220 72201.2
221 72201.2
222 72201.2
223 72201.2
224 72201.2
225 72201.2
226 72201.2
227 72201.2
228 72201.2
229 72201.2
230 72201.2
231 72201.2
232 72201.2
233 72201.2
234 72201.2
235 72201.2
236 72201.2
237 72201.2
238 72201.2
239 72201.2
240 72201.2
241 72201.2
242 72201.2
243 72201.2
244 72201.2
245 72201.2
246 72201.2
247 72201.2
248 72201.2
249 72201.2
250 72201.2
251 72201.2
252 72201.2
